2026-03-08 17:35:38 - ============================================================
2026-03-08 17:35:38 - Post-run Metric Normalization Configuration
2026-03-08 17:35:38 - ============================================================
2026-03-08 17:35:38 - LaMP Number: 4
2026-03-08 17:35:38 - Generator: flanT5Small
2026-03-08 17:35:38 - Retriever: bm25
2026-03-08 17:35:38 - All Alphas (required inputs): [1, 2, 4, 8]
2026-03-08 17:35:38 - Target Alphas (outputs): [1, 2, 4, 8]
2026-03-08 17:35:38 - ============================================================

2026-03-08 17:35:38 - Alpha=1 | queries=60
2026-03-08 17:35:38 -   EE-D mean/std: 0.000123 / 0.000948
2026-03-08 17:35:38 -   EE-R mean/std: 0.079946 / 0.105137
2026-03-08 17:35:38 -   EU mean/std:   0.216877 / 0.166742
2026-03-08 17:35:38 -   Saved: /home/student/Fair-RAG/experiment_results/flanT5Small/lamp4/bm25/alpha_1_normalized.json
2026-03-08 17:35:38 - Alpha=2 | queries=60
2026-03-08 17:35:38 -   EE-D mean/std: 0.049639 / 0.054484
2026-03-08 17:35:38 -   EE-R mean/std: 0.081745 / 0.091457
2026-03-08 17:35:38 -   EU mean/std:   0.229721 / 0.146157
2026-03-08 17:35:38 -   Saved: /home/student/Fair-RAG/experiment_results/flanT5Small/lamp4/bm25/alpha_2_normalized.json
2026-03-08 17:35:38 - Alpha=4 | queries=60
2026-03-08 17:35:38 -   EE-D mean/std: 0.683706 / 0.150270
2026-03-08 17:35:38 -   EE-R mean/std: 0.105840 / 0.144498
2026-03-08 17:35:38 -   EU mean/std:   0.257217 / 0.244907
2026-03-08 17:35:38 -   Saved: /home/student/Fair-RAG/experiment_results/flanT5Small/lamp4/bm25/alpha_4_normalized.json
2026-03-08 17:35:38 - Alpha=8 | queries=60
2026-03-08 17:35:38 -   EE-D mean/std: 0.998039 / 0.015061
2026-03-08 17:35:38 -   EE-R mean/std: 0.108203 / 0.186201
2026-03-08 17:35:38 -   EU mean/std:   0.266601 / 0.298582
2026-03-08 17:35:38 -   Saved: /home/student/Fair-RAG/experiment_results/flanT5Small/lamp4/bm25/alpha_8_normalized.json
2026-03-08 17:35:38 - 
Tracked log saved to: /home/student/Fair-RAG/logs/flanT5Small/lamp4/bm25/normalize_all_2026-03-08_16-38-10.log (committed to git)
2026-03-08 17:35:38 - Normalization completed successfully at 2026-03-08 17:35:38
